63 Abundance	"[  10   21    0  425  686   68    0    0  253   99   34  113   14  141
    0   18   49   21  115    0  113   46  268  425  141   14   92    0
   57    0   10 1495  122    0   69    0  686  598 1338   69   49   28
  720   68   21   57   10]"
1 Abundance	"[ 363   10   69    9   26  143  209    0 2696  143   26  124  135 2696
   10    0  135   25    0  363  145 2696  187   26    0  259   12   26
   98 2696    0   60   25    0  437  104    5   12  135  145   12  281
  124    0  179  351 2696]"
10 Abundance	"[1051    0    0  250  608    0   33   21  250   53    0    4  362    0
    0    0  250    0    0    0    0 1051   51    0   71   35  422    0
    0  250    0 1051  389  422    0    0  608   51  382  362    0   71
  389    0    0    9    4]"
23 Abundance	"[ 19 272  42 188   0  23   0  42  15 188 640  21  97  19   0   0  15 188
   0  23   0  64  43  42   6 969 214   0 640   0 121   0  15  20  23   4
  15  15  89 969  69   0  40 354 121 188  69]"
2 Abundance	"[  42   57   10    0    0    0  114   37  962    0  219  157   10   10
    8   51   36   37   17   25   10   37   17   10  114  962   70  356
 2634   10   75    6   16  144   36  157   31   25  114    0   23   36
   29  219   37  120   16]"
11 Abundance	"[  69   19   41   62  450   56    0  446   62   62  104    5   75   26
   83    0    0    0   81   17    0    0   33    4   25  104   19    5
    0  104    0    4   83  354   17    5    0   56 1057   19    0    5
   81  169   14  135    0]"
24 Abundance	"[ 118  160   24    0    0    0   16    0    0   16   75  235  162   10
    0  110    0    0    0    0    0    0   75  118    0    0    0  118
   46  196    0    0   30   46    0    0    0    0    0   31    0    0
   75    0    0 1499   27]"
3 Abundance	"[   0    0  433    0  131  334  334   26  196   11   10    0   31  131
 1541   28   13    0    0    0    0    7  189    0    0    7  403  403
   10    0  233    7  334  359   41   31    9    0    0   41  403    0
  239  334  403   20   86]"
12 Abundance	"[ 381   33   19    0    0    8    0    0  251    0 1226  191  191    0
  447  167    0   33    0  251    0  447  342  391  251    0    0   11
    0    0   11    0    0  679    0  391  342    0   65  191  167  251
   19    4    0   17  391]"
25 Abundance	"[ 23 147   0  51  22  43   0  43  22  22   0   0 343  59  23   0 147 162
 162  20   0   0  25   0 288   0 573   0   0 147  51 343  86  86  19  61
 147   0   0   5  51   0  71   0 573  61   0]"
4 Abundance	"[495   0 662 532   0   0  25 148   0   0 148 532  21 662  71   0  89   0
   9 507  54  38 618   0 205   0  19  45   9  14   0 618   0   9 209  54
   0   0  54   0  14  25  17 495  84   0   0]"
14 Abundance	"[   6    0    0  333    0   23   57    9 2547    0    4   73 2547   57
   57    0    0    9    0   57   28    0   18    0   27    6    0  130
   57    0    0    0   26    0   39    0    9   58   28   23    0   26
    9  282   58    0   17]"
30 Abundance	"[180 211   0  36   4  28  55 180  63   8 252  67  48 134 456  64  29  36
 131   0  18  92   0  48   0 124  45  44 179  28 415 138  67 107  92 252
 211 456   0  36  95 183   0 252 160  32  48]"
6 Abundance	"[  46  846    0   25    0  204   46   71   15    6   67  103    0   94
   71    0    0  104   67   18    0    6  104    0 1739    0    0    0
   94    0   21    0    0    0   25  204    0  397   25    0  500    0
    0    0   33  846    0]"
15 Abundance	"[132   0   0  18   0   3   0   0  50  64   0   0   0   0 273 171 516  11
 132 171  67 814  13   0 126   0   0   0 516 132  13   0 163   0   0 814
  67  67  13 132   0 273 163   0   0   0  11]"
31 Abundance	"[209   0   0  18   0   0  20  20   0  20  54   0   0   0 546 209   0   0
 188  15   0  15 763  33   0   0   0  64 242   0  54  18  33  69  64 763
   0  33   0   0  54  97 209  57   0   0  18]"
7 Abundance	"[   0   36    0  115    3    0  399   25 2270   36   48   19    0   81
   57    7  117   82  153   13    8  260    7  117    0    9   50  115
    7   57    0   82   57   69   20  153   81    0   81  399  260  107
  209    8  260  119  107]"
16 Abundance	"[  0 267   0   0   0   0 758   0   0   0 171   0   0   0   0 216 349   0
   9  44 200   0   0  11 349   8   0   0   0  31   0   0   0   0   0  44
   9   0   0  44 171 200  69   0   0   0   0]"
35 Abundance	"[  0  14   0   0   0 153 793   0   8   0 181  49 305   8   0   0   5  49
  72  14   0  45  13  48 129  16 305   0 251 745   5  48   0  12   0 153
  13   0   0 129   0 131   5   0   0   0  45]"
8 Abundance	"[ 31 108  68 119   0  18   0 135  14  17   0 134 134  14  25 153 135  46
   6 182  10  17   5 153   0 582   0  31 221   5   5 982  35 135   6  10
  31   0 585   0 137  39   5   5  19  30  25]"
20 Abundance	"[  0   7  21   0  76   0 594  21  41   0   7  76  18 594 114 349   0   0
  32 114  18  32  32  24 180  18 380   0  32  62   0   0   6 637   7 180
   0  18   0  31  21  32 114   0   7   0  10]"
36 Abundance	"[  18 2449    0  329 1266    0 2449  299   35    0    0    0    0  402
  132   72   35    0  617  388 1306  544  329  141   19  117   65  242
   57    0   43  661    0 1306   49   74  117    0  613  242    0  242
  661    0  242  388    0]"
9 Abundance	"[  0  20   7  92  22 238  18   0  22  69  14   0  11   0 192  26   0   0
  22  92  26   0   8  20   0 361  69  11  14   0  80 361  42 134   9  57
  11  20  80  26 250  92 238 118  69  18   0]"
22 Abundance	"[  0 162   0   7  42   0   0  49 141  42   0  19  42   0   0   0   5  74
  16   0   5  74 141 863  66   0   7   7 916 281  68   0  47   0   0 916
  12 141 281   0   0   0 162   0   0  49 154]"
37 Abundance	"[228 228 167  85 100  59  80  85  19  96 228 100  75   0   0  19  96  75
  96  18  95  75 210  85 242 100   0 167   0 167 484  50  75 242  26   0
 108  48  80  75   0 484  55  90 400  50 146]"
38 Abundance	"[162  44   0   0  44  18   0 132   0   0   0  45   0 163   0   0  48  21
   0   0 135   0   0  25   0   0   0 184   0 162   0 106   9   0 132   0
   0   0   0  14   0   0   0   0   0   0  48]"
48 Abundance	"[   0    0   18   54 1104    0   54   16   56    0  164  190    0  190
    0    0    0  236    0  164  131   58 1448  148   16    0    0    0
   17    0  317 4026    0   11    0    0   11 1044  840  438  318    0
   11    0   17    0    0]"
56 Abundance	"[  0   5 145  58   8   5  82  52  81  58   0   0  68  81  68  25   0 191
  68   0 179  24  63  55 211  10 179  35 108 179 491  55 179 190   5   0
 495  97 211   0  22 347 108  10  10   0  81]"
39 Abundance	"[   0  516    0 1359   91   42   39  674    0    0   85   71  871    0
 1359    0   85   22   13    0   42    0  213   41  674   12    0    7
  184  131   12  423    7   96    0    0    5  674  423    0   41    0
   13   71    0   85  124]"
49 Abundance	"[  48    0  267    7    0    0   11 1199  503    0    7   11  105   66
    0    0  267    0   66    0    0  189   31  189   38    0  503   66
  267  503   14    0    0   11 1199    0    0    0    0   93    0   37
  120    7   31    0    0]"
57 Abundance	"[ 76   0  20  27   0   0  21   0   4   0  25  22   0  20   7   0   0  25
  60  82   0   0   0  82   7   0   4 733   0  20   0 146  21  27   0  76
  60   0  48   0   0  20  25   0  71   0   4]"
41 Abundance	"[178  13   0 115   0  75   0   5 189   0   4 136   0 139 125 260 136  82
 646   0 189   0   0 189   0 136  23  13   0   0 136 156   0  35 124   0
 401   0 754 646   0 125   0  11   0 178   0]"
50 Abundance	"[ 13 334  44 304 432   0 194 661  13  71   0  12 304 456  31   0  30 432
 304  30   0   0  28   0  59  71  30 321 223 321   0  83 223   0  71 107
 456   0   0   0 168 661   0 374   0   0   0]"
58 Abundance	"[  17    0    0    0    0    0    0  117  166  157  665  157    0    3
   17   79    0  654    0  654    0   37    0    0  117  665  665   12
    0    4   21    0   79    0   21    0    0   79    0   74    0    0
 1348   39   74  162    0]"
42 Abundance	"[  34   33   18    0   33    0   17    0  159    6    7  726  120   60
    7   34    0   83    0    0   52  141   15   18    6   76   34   84
    0    0  726   24   33  116    0 1493  592   60   15  132  305   19
  346   13  189    7    0]"
51 Abundance	"[   0  227    0    0    0  195    0    0  130  130  154   51   64    4
  123   45   12   25 1317    0  130   64    0   30   30   35   43    0
  188   12   93    0   43  395   43  860    0    0   93   87   25  227
  130    0   12   12    0]"
59 Abundance	"[  4 122   0   0   0 124   0  34   0  34  75   0  10   0   0   0   0   6
  34   0   0   0 177   0 124 236 236 180   0 236 236 180 177   0   0   0
  34  38   0 266   0   0 236   0   0   0  13]"
43 Abundance	"[  8 320 229  89 140  11  15 240   5   0 137  11 120 229 120   0   0  20
 123   0 120  20 612  55  20 612 700   7 120 251  15 700   0  15  55   5
  31 106 123 207   0 207 285   8 195  15   5]"
52 Abundance	"[ 11   0  21  11  64   9  75  11 108  31 538   0 242 242  32   0  50  11
 242 205  75  21 108  12  62 187  26  25  12  12 248  25 115 185 117  19
  83  31 242 204  25  75  19   5 117 248  19]"
60 Abundance	"[   0    0    0    0 1821    0  323   88   94    0    0  461    0    0
    0    0   27   27    0    0    0    0  767    0    0   27    0    0
    0  377    0    0   58    0    0    0    0    0    0    0  323  323
    7    0    0    0  156]"
44 Abundance	"[  74 3913  221   67    0   13    0   78  630   26    0    0    8   95
   95    0   49   33   87  270   13    0   93    0   95  221    0   54
    0    0    8  221  834    0   51   67   67  112    8  359  378    0
   19   33    0   14   78]"
53 Abundance	"[ 80   0 182  67   0 177   0 211 527 192  30 393 444 578  25  90  25  15
 182 182   0  29  35 289  45 515  11 515 161 527 182  67 113  29  15 177
 504  82 578 177  62 337 211   0 289 444 504]"
61 Abundance	"[ 299  267   67  104    0    0   61  125 1289   14  588  104    0   10
    9   45  104   14   22  422  267   21   22   31 1289   10   83  156
   67  747   97    9  225  225    0    0  161   22   21  225    0  389
    0    9    0   31  747]"
46 Abundance	"[    0  3512  4165     0     0 20146  6707  3356  5915  5915     0  3356
     0 23362     0     0  3356     0  2727   157   979     0     0  3021
  3986    45     0     0     0  5915     0     0  6287  2652  3512  6287
     0  5915     0  3021  4165   121 39022 11889 13618     0   979]"
54 Abundance	"[   0    0  250  130  130   95    0 1000    0    0    5    0    0  256
  254    5  453    0  130    0    0    0   64  128    0    0  511  194
    0    0   64    0    0    0  541   57    0  665   57    0    0  397
    0    0    0    0    0]"
62 Abundance	"[  81   71  117  136 5248 1178   13  229   81  460  683 1011   56  178
  258   26   70   10   56 1011  116  782  305  269   70   76    0  116
  269   56  365 1106  214  468    0  351   76  683  229  468 1106  782
  712    0   10   71   76]"
47 Abundance	"[37193  1988     0  1820     0 37193     0     0   426     0  2597     0
    98  5978  2208 13391  1223  1988     0     0  2208  1247     0   426
     0     0    79  1143     0  1563     0  1988  1260  1100     0     0
  2597  7609    79     0   380  1100     0  1820    56   426     0]"
55 Abundance	"[  0 343  49 668 109   7 682  12  49 154   0 269 319 309  79 309  50 309
   0  49 411 309   0   0 269 762 154  12  42 214  79 154  12  49 269   0
   0   0 343 214   0 319   0  63   0  11  28]"
17 Abundance	"[   0  171    0    0   90  334    0   76    0  140  184   11   58  598
 1031 1031    0  119   24  293   24    0    5    0  598    0  398   11
  171  140   54    0    0   24   28    0   91  140    0    0  602  334
    0    0    0  598    0]"
76 Abundance	"[ 11  11  10  79  13  22  29  46   6  46  10   0  60   6  30   4   0  24
   0  10   0  36  60   5  29  36  53  64  11  10  64   6  22  72  21   2
   2  22  56 258   0   2  26  29  10  84 915]"
18 Abundance	"[147  23  97  11  11   0  41  47   3  36  68 105  68  63  73  64   0   0
   0  97  12  97   5   0   0 420  12   5 199   5  71  20  71   5   0   0
   0  29  45  20  45   5  20   5   0   3  45]"
69 Abundance	"[ 66  50  10   0   0  50  27  90  38   0   0 143  25  74  50  25  60   7
 137  10  50   0  16  66 159   0  50 159  50  56  36  16   0   0  66  54
 137   8  50 121   2  14  49  12   0  51   8]"
77 Abundance	"[ 97   0  37   7  29  27   0  97   0   0   0  37   0  27  34   0  51   0
  99  51  27   3   0  67   3   0  33 141   0  29   0  34   3   0   0  16
  51  34  37  75  41 141  14   0   0   0   0]"
19 Abundance	"[  7   0   0   0  26 821   0 116  76   0  67 199   0 241   0  12   0   0
  28  76 116 241 438   7 173 116   4   0   0  48 117  28 344   0   0   0
  74  10  19  26  60 241 435   0  74   6  67]"
78 Abundance	"[  45   16   76    0    0   64    0    0    0    0  109   27    0    0
    0    0    0  217  115  315    0    5 2014   14    0   76    0    0
   91  356    0   43   45    0    0  109 1021  217  356   13  356   43
   16 2014 1021    0  329]"
27 Abundance	"[ 28   0  84  52  32   0   0   6  25   5   9 152   9   0   0  84   0   5
 171   9  25  58  72   7   6  81  15   7   3   0   6  52   5   0  23  15
 111   0  42  28  58  40  62  77  58   3 171]"
79 Abundance	"[  0 554  10   0 111   7   0  17   0 102   0   0   7   0 123   0   2  17
 131 147  10 123   8 267   0  10   0 376   0 324 710   8   0 102 554   0
   0   0   0 554   0   0   0   7 147   0   0]"
32 Abundance	"[  0   0   9   0  26  55  16  16   0  18  64  10   9  32  64   5  14  55
   0  14   5  16  43   0 747  26   0   1  32   5  26   1   0   0   9  64
  27  33   0  14   5  20 147   0   1   0  64]"
72 Abundance	"[113 124  55 124 104   0  17  35  35   4  47  12  43  43  43   8   0  17
  17   5  17   0  15   5   0 102 118   8  12  17  10   0   8  17 364 362
   0  15  10   7  17   0  49  15  12 234   6]"
80 Abundance	"[ 77  29   3  77   8   3 304  10   0   8   0 375  21   0   0   0   0  56
   0   0   0   0   0   0   0 304  10   0   0   0   0   0  30 375 217   0
   0  45   0   4   0   0 433 355   0 587   0]"
64 Abundance	"[  6   5 184   5 150   6   0   8   0 150   8  45  74   9 126  43   0   9
 150 330   5  36   0 184   0  36 259 259   8  77  43  56  24   5  78 330
   6  77 330 150  24  56  13  44  60   0   0]"
81 Abundance	"[  4   0  91   0  54 531   0   0   6   0   0   6   0  11   0   0  10   6
 531   0   0   0  14   0   0 531   3   6  35   9   0   5   0  13   0   6
  11   5  11   6   0   0   5  91  13   0  18]"
82 Abundance	"[   0    5  438    0   54  139   11    0    0  207   50  438  115  129
    0   79  139  438   11    6  107   14    5   69  220    0   61    0
   33    6  108   85  117  108  513  172  302  308  147  571    0  302
   24 1465  207   24   14]"
67 Abundance	"[ 24   4   0 783  90  18 121  58 782 783  57  84 282  19  20  42 122  20
   7 440  20 235  19  27 440  14  14  62   0 408 408  24 282  58  15  12
  18  14   0  12  42  18  57 408 440  27  90]"
75 Abundance	"[  0  99   0   0   0  68   0 297  61  44  58  58   0   0 191   4  32   0
  27  18   0 136 432  63 136  44  18   4   4   5  61  53   4   0   0   0
  10   0   0  27 136   0   0   0   0  27   0]"
83 Abundance	"[   0    0    0   16   14    0    0  244    0    0  160  179 1141    0
    3    0   37   33   37  160    0    0 1201  244    0  224   22    0
   62  244  160    0  427 1201    0 1141    0   62   78   16    3    0
    0  244    0   93  244]"
84 Abundance	"[  0   8   0   8   0  15  34  52 412 104   0 412 392   8   0   8 630  15
   8   8   0   9   0   0  43 392  35   6  34 467 467   8   9   4  64 630
   0  32   0   0 630   0   0 104  20  34  27]"
92 Abundance	"[ 43 208 815  20  79   0  13  37   0 224 151   0  22  22   0   0 316  12
   0   0   0  12  37  64 316   2  64  42   0   0   4  79   0  64 224   0
  52   0   4  13  54   0 208  13   0  24 128]"
100 Abundance	"[   0  147    0   57   59  506 1503   85    0    4  506   43    0   18
 1503  156  175  209    0   31    0   90    0    0    0 1503    0   62
    0   90   59  104    4    0   31  118 1503   91    0   91    0   85
    4   28    0    0    0]"
85 Abundance	"[302 356  20   6  30   6   7  20 126   0  22  13 274  13  20  22   7  13
  30   8   0 112 274 274  59   0   0 356 302   0   0 302   7  35   6 153
  86  30   8  13  13 181 112 302 302   0   7]"
93 Abundance	"[ 121    0    0    0    0    0 1090    0  217  424    0   33    5  112
    0    0    0   41    0    0    0    0    0    0    0    0    0   41
    0    0  217  217    1    0  424    0    0    0    0   27    0    1
    0    0   58    0    0]"
101 Abundance	"[243  57 148   0  53  21  40  58 103  50  45  31 121  53  53  45  49  57
  62  12  16 149   0  42 103  53  53  42  42   0  23   0  49  62  56  25
 807   0  40  21  22  31  49  42   0  40  10]"
86 Abundance	"[ 25  36  12   0  67  12   0  23  16  23   0  36   0 123 268  66   0  66
   4  21  70 133  12  36  61   0  54 126  12  16  17   0  12  10  87  16
  67   0   0  21  21   4  71   0  48  14   8]"
94 Abundance	"[662   0   0   0   0   0   3  52   0   0  64   0  56   0   0  30   0   0
   0   0  30 226   0  45   0   0   0  62 244   6  32  70   0   0 662   6
  49  56   0  30  22  22 244  64 588   0  33]"
102 Abundance	"[  9 548   0   8   0  37   0   0  31  25   0 587   0  37   0   0   1 269
 522  51   0   0  54   0 314   0  51 314 548   0 269   0   0  37  51   1
   0 371  24   9   8   0 269 371  29  25   0]"
87 Abundance	"[  0  44 132 134  29  75   9  44  63 134 582   0  63  75  78   0   3 792
  43 132   0   9  70  78   0   5  78 977   0 164   5  92  43  29  43 132
  12  14  20   0   9  27  63   9   6  44   0]"
95 Abundance	"[  0   0   7   5   0  12 106  21   4  28   9  34  27  73 103   0  44   3
   6 103  20   0   0   0  23   0 103   0  48   7   0   0   7   0 496   0
  35  28  73   0   0   7  24  17  12  18  48]"
103 Abundance	"[  0   0  20   0  74   0   6 393 845   0 362   0   0   0   0  93   0   0
   0   0   0   6   0  47 845   0   4   4 168 845   0   4 169   0   0   0
  69  18 845 944   0   0   0 157   0   0   0]"
88 Abundance	"[ 33 161  25 161  25  33  48  48  13   3  13   0   3 515 692  23   0   0
  69   3   0   0   0   6  33  75   0  15   3 143   0  21   0   3   6 161
  22  12  53   0  15   0  23   0  13  48   3]"
96 Abundance	"[118   0  29   4 118  37   0  18  72  18  18  18  13 201  17   4  30   8
 285   0   0  50   0   8 285  67 153  12  70   4 153  23  70  70   9   0
  49  70   0 285  18  45   0   8  29  13  70]"
104 Abundance	"[  64   16   54    0    0   54    0   77    6    0   62    0    0    8
   64  129   12   15  364    0   36    0   67    0 1627    0    0   55
   55    0   69    0   55    0   66   15  364  205   16    6    0    6
    0  116  460   77   69]"
89 Abundance	"[  0  47  89  81   3  47 169   0 170 126  41   0   0  21  17   0  25  21
  81  47  97 169 171  89  73  17  47  89  10  25   0 169 170   0  81 169
 408  41  17   0 886 172 169   0  18   0 259]"
97 Abundance	"[  7  46  70  38   0  16  44  49  84   7  70  61  15  28 130 176  20  54
  65  54  21  21 196  57  39   0   9   0   0  21  34  42 130  75  61 196
  18 196  41  21  44  37   7  49   8  21  65]"
105 Abundance	"[  0  37 114   0  10   0 412 399   4   0 542  21 252  25   4 113  45   6
  48  37   0  23   0 252   0  21  84  49 236  25 114  68  23 299  65 292
   4  45  48 542  84   0  25 252 641  15  45]"
90 Abundance	"[  24  156   36  183    0 2148  147 2148    0  132    0   40  156    8
   35    8   50   90    0   72    6  533   57    0    0   72   72   27
    5    0    0    0  156   48    6    0  147    0  732    0    0  156
    0   59   50   10   24]"
106 Abundance	"[   5   78   17   78    4    5   99   17  336    0   20  639   85    5
  685   40   39 1156   17 1156   72   55   20 2440  131    0    4  639
   37   36    4    4   13    4  208   27  133   22   27    0    0  278
   27   39  336   37  133]"
91 Abundance	"[   0   47    0    0    0   18   18    0    0  704    0   31  209    0
    0    0    0    0    0    6  120    0    0  209    0    0   62    6
    0    0    0  196    0    0    9    0  522    0    0 1384   16    0
    6    6    0    0    0]"
99 Abundance	"[ 85  55  17   9   9  16  90   0  37  29  40  40  17  59 128  12 330  15
   0 270   0   8  28   6 330   0   6  27  55   0 153   8   1  27   1  85
  95   0 128  40  29   0  95 128  55  40  18]"
107 Abundance	"[   0   35    6  277  277    0    0    0   59    0  125    6    0   13
   18   10  780 2486   18  119  861    0    0    0    8    0    0    6
   17  901    0  861    0    8    0   59    0  125  277  277  178    8
  125    7  780    0    0]"
108 Abundance	"[  93    0    0 3163  325   66  108  481    9   93    0 3293  277  806
   32  145  257  897    0  496    0    0  231   63  612  125   32   32
  174  496  174  325    0 2075  795  192   56    0  806    9    0  132
  795  108  325   18  132]"
116 Abundance	"[   0  851    0  293  851    0   13    0   31    0    0   14   51   14
    0    0    0  934  454   11  293    0  225    0   73    7 1568    0
    0   31  225    0   17   16    0   16 4766    7  293    0    0    0
    6    0    7   11    0]"
109 Abundance	"[  43    0    4    6  433 1042  589   63    0   73   15    4   43   58
    0   61    4   51  269   17    0  682   13    0   13   14   50  497
   14  433  317 1120   63  317  497  889   41    8  581    0  108  222
  222  190    4   51   82]"
117 Abundance	"[  0 310 169  52  59  24   0  42   0 320  55   0   0  34  10  18   0 320
   0  18  10 329   0 231  66 130 317 978   0  72   0 130 480 480  85  52
   0  66   0 320   0   0 231   0  59   0 262]"
110 Abundance	"[  16  298    0  103  140    0    0    0   26   96    0  143  257  149
    0    0   16  257    0    0    0   26    0    0  140    8    0  302
 1027  103  440    0    0   34  125  135  257    0    0   18  149  257
  860  252  257    0   18]"
118 Abundance	"[ 106    5   14   27   77   77    0   36  661  791    0  661  169  466
   77   13   18   12   77    0    7    0  466   77    5    8  791   36
 3327   36  791  135    8   99    8    0   44   13    7   16  100   66
  102   36   16   36  661]"
111 Abundance	"[  26  387  154    0  387   33 1336  331    0  315    0  387   75    0
    0  315  405  387  513 1336   33   12    0  770   33  331  212  387
    0  390    0   12   26  119 3739    0   66 1065   26  454   24 1065
    0    0    0    0  405]"
70 Abundance	"[ 218  384  229  742 1615   37    0  526   68    0    0    0   99   46
 1615    0 1154    0  742    0  218  596  384  255   46  384    4    0
 1154  742  126  526    9    0    0    0    0    0    0  126    4  126
    4    4   25   37  472]"
112 Abundance	"[ 29 514   7   0 166 245   7 523   5   0  14   0 113 301 301 212  14 595
 113   0  78  78  14 212   8  22   0   0  49 301 212   0 301  22   0 301
   0   0 219   0  78  22   0  99 219 301   0]"
71 Abundance	"[  47  304    0   24 1107  277    0    0  566    0 1041  304    0  196
    0    0  455  168    0   12   21  304  566   95    0   36  104  250
    0   12 1041  304  168   95    0    0    0   23  277    0  597  304
    0  168  455   36   95]"
113 Abundance	"[ 66   0 378 348 322   0 886   0 847 215  18  49   0  28  34 203 136  55
  34 378 380  28  28 886  56 128   0   0  16  42 162 655  40 162 399  55
  56 556 847  84  84  56   0 203   0 399   0]"
73 Abundance	"[ 251   11   20    4   23 1085    0  127  124    0  359   20 1324  631
   17   10   17    4  164   10   28 1085  251  359   11   31  214   13
  105   31 1324  105 1085  105   53 1085   22    0 1495   22   10  141
   43   25  214  727  141]"
114 Abundance	"[  45  526 1582   24   17 2565  578  150   59    0   77  662 2984   59
 1582   22    0 2565    0   14  526  149    0   45   16    0    0  662
   12  721 1582  506    0  423   45   14  721   24   70 1582   12    7
  423   70  404 3274   87]"
74 Abundance	"[   0  775 3203    0   34    0    0    0   34    0    0  604  263    0
  501  501    0    0  501    0    0    0  595    0  775   65    0  953
    0    0  445 2153    0 2409  524    0  380 2816  530  524    0    0
    0    0    0 1379    0]"
115 Abundance	"[  17    0 3048 3490    4 2991    0    0   17  182    0    0  329    0
    0   14    0    0    0  197    0   14   11  197    0    0    0 1383
    4   11    0    0  197    0    0    0    0  118    0    0    0    0
  320  197  152  805    0]"
98 Abundance	"[588   0 600  18 128 169  39 169 381  83   0   0  68  11  37 112 209 501
 101 169   0 501  21 127  11 237 819   0 381  59  70 188 140  37  18 101
  21   0  80  11  83 191 188 140  70  13   0]"
